[
n_catalogname=pinstr
n_itemname='PINSTR100BM_15'
n_itemrev='0'
n_itemdesc='Pressure Indicator Intrument'
n_creator='nfmadmin'
n_creationdate='01/23/1998'
p_parttype='P'
units_set=20
d1=15.000000
d2=0.000000
fc1=82.000000
fc2=0.000000
t1=26.000000
t2=50.000000
b1=108.000000
b2=0.000000
f1=130.000000
f2=118.000000
f3=118.000000
dry_wt=1.200000
wet_wt=0.000000
oper_wt=0.000000
cog_x=82.000000
cog_y=0.000000
cog_z=0.000000
opcog_x=0.000000
opcog_y=0.000000
opcog_z=0.000000
surf_area=0.000000
n_cofilename='VRmacro'
]
[
n_catalogname=pinstr
n_itemname='PINSTR100BM_20'
n_itemrev='0'
n_itemdesc='Pressure Indicator Intrument'
n_creator='nfmadmin'
n_creationdate='01/23/1998'
p_parttype='P'
units_set=20
d1=15.000000
d2=0.000000
fc1=82.000000
fc2=0.000000
t1=26.000000
t2=50.000000
b1=108.000000
b2=0.000000
f1=130.000000
f2=118.000000
f3=118.000000
dry_wt=1.200000
wet_wt=0.000000
oper_wt=0.000000
cog_x=82.000000
cog_y=0.000000
cog_z=0.000000
opcog_x=0.000000
opcog_y=0.000000
opcog_z=0.000000
surf_area=0.000000
n_cofilename='VRmacro'
]
