[
n_catalogname=exchang
a=608.000000
b=531.000000
c=440.000000
d=349.000000
e=680.000000
f=442.000000
g=366.000000
h=487.000000
j=1217.000000
k=287.000000
l=39.000000
m=686.000000
n=609.000000
q=400.000000
r=316.000000
s=45.500000
t=180.000000
u=270.000000
v=360.000000
w=421.000000
x=8.000000
n_itemname='exchange_a_w'
n_itemrev='0'
n_itemdesc='Air-Water heat exchanger'
n_creator='nfmadmin'
n_creationdate='01/23/1998'
p_parttype='P'
p_macro='exchang'
design='top_supply'
heat_disp=0.000000
flow_rate=4.000000
rpm=0.000000
del_pressure=0.000000
material='Aluminum'
power=0.000000
efficiency='37%'
driving_engine='no'
cooling_method='Water'
elec_consum=0.000000
dry_weight=76.000000
wet_weight=23.000000
manufacturer='Shop'
model='608x531'
class='EXCHAW'
commodity='4130142820400'
short_desc='Air Water Exchanger'
descript='Air Water Heat Exchanger'
alt_desc='608x531'
units_set=20
cogl_x=0.000000
cogl_y=0.000000
cogl_z=0.000000
overall_x=853.000000
overall_y=440.000000
overall_z=1000.000000
n_cofilename='Equipment'
]
